802
481
891
903
924
165
510
978
479
258
507
244
174
931
825
914
148
833
526
219
51
163
84
666
973
969
750
749
113
69
361
61
87
855
464
370
47
588
631
753
523
458
489
797
404
667
765
152
490
171
315
316
390
103
573
91
385
860
592
231
304
625
834
447
671
931
189
662
633
291
249
201
706
829
552
805
196
120
667
427
389
53
979
394
554
62
793
39
845
52
518
482
529
61
502
56
662
752
127
841
992
718
545
334
714
679
69
889
112
550
287
976
690
666
232
95
572
746
988
369
26
805
627
843
753
699
955
981
225
843
650
574
966
521
625
370
526
403
916
483
101
289
445
266
3
344
625
384
256
873
435
725
974
842
436
772
956
200
948
473
483
967
121
952
408
161
502
844
906
606
120
40
494
198
898
829
415
576
160
377
537
526
912
184
412
432
132
578
741
465
28
17
832
201
849
212
258
952
940
421
995
588
757
396
553
368
112
206
687
849
793
806
748
341
32
349
664
506
624
945
682
529
641
480
612
637
765
927
944
188
168
315
420
560
32
611
600
714
620
528
320
957
105
530
653
266
215
833
174
365
403
309
293
427
998
114
540
175
250
635
93
648
180
1
977
935
197
401
56
466
514
624
55
201
620
203
424
442
762
663
43
69
330
145
691
942
246
988
739
226
515
893
694
535
613
116
126
933
895
265
413
779
335
113
463
584
469
220
129
895
403
891
938
766
48
643
879
11
295
673
53
634
893
633
791
160
24
535
240
429
514
337
402
362
989
967
45
439
704
768
755
767
584
74
600
947
562
342
423
847
524
366
199
621
867
363
276
444
919
351
242
956
795
388
461
409
473
711
580
506
674
221
747
645
347
488
311
921
555
509
693
143
25
502
84
237
234
551
49
16
312
551
240
942
206
613
440
718
920
788
352
620
439
917
837
189
250
439
797
931
816
134
798
493
562
805
192
495
542
33
737
185
557
651
87
30
982
705
152
756
740
683
853
42
730
813
869
403
47
557
958
494
645
651
662
511
59
944
911
766
954
308
785
714
828
808
98
249
8
925
864
38
506
335
951
616
488
185
846
603
0
766
324
902
829
233
448
448
624
562
742
335
802
678
453
95
871
105
645
483
639
939
798
691
279
364
779
402
924
421
46
738
543
293
301
238
308
628
306
324
285
920
800
94
267
689
721
844
996
155
260
199
664
776
348
12
501
759
68
955
883
277
815
938
42
774
476
747
887
744
862
400
966
501
681
278
281
891
568
701
990
985
852
962
278
192
423
246
570
443
703
911
784
941
494
833
444
574
69
65
42
489
225
150
879
285
142
348
615
894
104
446
728
535
544
663
886
855
507
342
152
533
871
332
32
489
854
202
480
720
101
435
296
467
846
460
804
805
434
964
657
447
67
748
368
738
980
724
987
128
76
206
181
712
503
52
783
388
885
225
364
889
991
694
413
706
427
444
81
640
49
49
148
706
589
961
353
965
733
234
354
489
261
676
708
240
318
35
991
636
813
427
971
651
343
166
271
113
498
844
250
699
175
952
68
515
924
795
935
245
102
904
295
893
995
371
376
138
957
327
119
459
51
970
337
645
698
383
7
558
344
863
643
161
561
397
188
462
666
221
341
69
91
592
389
903
570
391
647
410
570
929
1
191
971
948
473
889
762
28
931
971
489
706
920
686
794
587
665
255
172
363
513
338
0
519
888
53
862
141
100
330
304
64
305
58
192
611
17
563
893
857
279
894
633
375
77
343
174
935
294
746
654
466
598
526
730
433
125
737
378
863
546
776
420
702
876
145
815
357
28
455
311
507
910
57
507
524
231
392
873
701
32
34
820
412
736
824
52
25
120
456
732
195
407
432
784
0
126
328
757
357
622
162
194
574
621
449
420
691
576
251
872
16
842
589
194
159
827
785
2
899
420
534
414
76
894
757
226
730
18
971
27
423
683
200
868
974
984
250
72
522
181
678
534
653
33
373
35
310
291
183
73
85
437
239
460
142
923
819
325
127
397
302
176
688
663
627
176
422
746
784
819
556
195
493
424
287
217
936
884
181
940
390
748
449
201
735
364
957
482
719
414
740
442
253
967
810
150
882
747
827
391
567
800
941
940
259
184
452
405
336
649
488
10
881
967
12
713
914
576
189
855
116
256
637
693
515
219
651
652
822
872
97
868
963
813
594
485
588
588
982
673
962
485
875
545
460
102
809
731
340
206
922
933
982
991
261
796
230
889
470
909
581
163
395
700
880
100
813
339
749
183
969
18
426
110
826
349
68
398
5
555
849
360
561
866
122
167
649
992
425
957
591
717
331
400
390
916
73
890
588
264
361
998
282
243
828
494
658
586
196
978
908
660
724
738
629
89
84
221
404
568
847
610
946
280
906
395
614
8
604
202
522
338
989
476
997
410
676
162
950
892
480
670
417
515
475
2
642
918
894
452
979
574
845
885
379
130
649
345
742
651
435
994
747
67
708
837
678
184
766
814
649
599
533
342
657
644
832
906
748
245
431
208
842
798
528
843
239
760
281
197
691
514
300
332
403
697
34
781
232
459
13
733
377
712
319
167
816
465
56
511
623
667
904
45
637
133
898
366
912
748
288
860
0
232
241
797
102
335
940
433
616
351
951
100
698
289
528
876
170
921
816
453
543
714
391
856
711
534
400
386
172
267
218
480
666
305
887
25
720
912
597
348
393
39
470
271
238
695
559
761
130
686
314
992
65
887
591
380
229
214
678
677
110
713
610
863
445
923
994
771
710
506
433
578
976
768
880
314
835
198
781
371
660
172
347
363
119
942
645
221
466
185
784
937
250
603
836
845
957
407
366
712
499
712
861
263
905
389
375
217
411
379
768
429
182
768
663
75
127
939
404
8
227
442
617
227
348
779
45
620
21
539
159
933
763
565
613
296
791
587
952
943
940
408
347
619
82
158
137
396
172
954
225
648
964
445
759
511
793
518
368
386
978
443
153
571
674
871
452
792
80
773
440
922
953
506
835
482
660
825
71
730
250
664
527
433
144
831
925
432
987
721
993
466
647
867
647
737
428
73
198
875
765
424
81
324
558
494
987
636
905
157
428
649
413
831
98
295
733
476
70
20
208
406
389
105
625
453
439
522
749
887
719
510
565
679
775
833
767
278
368
7
181
271
123
460
858
76
279
151
676
847
287
453
867
595
743
561
220
632
827
57
26
533
532
868
650
847
392
391
89
48
253
23
340
83
682
320
148
84
849
748
340
356
109
520
768
842
260
0
668
734
889
11
718
558
889
761
465
59
103
592
614
438
542
926
377
452
347
993
974
145
485
10
759
537
378
545
363
625
375
145
44
211
835
252
44
136
953
297
645
536
72
121
132
350
264
10
881
391
787
747
870
961
862
774
81
383
107
75
648
450
420
81
400
180
582
247
650
838
520
321
315
2
702
150
438
458
974
958
192
63
158
305
343
902
400
779
832
765
28
323
412
635
856
707
710
669
870
506
547
476
882
188
303
652
887
515
856
120
509
703
297
369
745
289
21
590
640
349
174
404
593
661
825
566
711
99
216
953
535
935
388
294
180
678
916
442
629
283
70
987
744
855
737
432
605
485
517
691
442
976
72
819
966
645
389
113
235
117
355
524
221
539
255
704
842
540
399
410
445
860
165
774
667
948
412
985
633
241
353
219
168
649
673
236
407
319
51
279
603
382
434
699
60
793
602
430
679
873
188
365
308
832
271
207
147
842
469
287
840
579
559
568
344
971
830
171
111
638
607
707
744
329
418
194
440
711
240
12
255
385
14
329
660
187
482
241
363
995
969
535
126
605
970
128
646
194
139
229
980
528
518
323
824
394
343
636
277
175
125
31
263
952
234
338
570
851
257
223
248
965
867
101
150
580
606
613
773
579
283
261
192
54
778
930
982
629
668
822
838
966
69
729
282
939
228
987
770
66
560
39
925
651
184
964
982
60
759
45
137
369
675
104
825
831
601
892
231
743
910
243
129
704
20
543
380
285
967
537
663
566
27
188
343
826
84
976
88
857
41
211
247
96
510
730
809
942
573
125
382
867
433
432
248
353
30
269
914
482
432
31
983
472
30
682
313
412
435
558
626
967
257
531
314
444
826
454
693
446
220
409
256
509
296
984
536
364
440
655
351
190
290
810
821
47
606
805
391
695
800
338
790
961
586
184
982
962
265
376
633
708
617
587
624
178
912
104
933
142
157
410
520
334
91
573
732
222
333
873
701
686
40
575
985
164
719
920
744
461
791
285
945
948
240
809
194
837
685
123
179
611
336
208
952
781
717
469
146
104
545
746
65
14
102
121
871
476
942
902
587
321
818
921
241
674
574
766
979
90
826
246
526
287
919
6
820
912
228
917
377
906
205
676
532
210
719
814
484
740
642
942
108
890
387
111
69
521
5
438
590
86
28
509
826
453
974
889
263
65
557
642
654
968
45
571
596
446
55
751
572
706
416
588
726
973
609
380
136
606
667
909
88
371
551
482
115
603
727
795
957
230
476
424
341
853
669
355
268
94
201
474
947
824
714
76
198
637
198
667
336
5
27
911
940
543
406
324
293
923
519
322
131
610
125
130
634
63
690
264
649
495
514
803
588
755
734
898
47
239
271
113
815
450
185
681
294
310
942
621
707
50
91
48
948
82
275
524
697
592
406
310
86
308
614
445
229
359
326
290
829
821
8
417
443
25
937
189
307
754
186
697
243
923
142
939
84
177
395
227
270
925
871
441
48
441
521
453
280
279
784
816
669
141
100
616
910
445
527
40
486
793
351
254
495
796
764
381
576
715
744
59
69
226
272
333
881
307
158
799
299
777
831
40
498
10
424
561
637
267
0
150
148
406
561
221
677
103
17
244
380
204
680
871
714
794
517
358
472
20
529
317
384
799
671
294
584
561
903
393
429
863
942
979
664
950
276
196
383
729
617
698
314
889
524
356
40
187
138
537
655
338
672
494
228
654
581
422
580
181
190
251
296
29
887
603
102
187
939
143
554
6
305
101
793
269
875
229
941
655
691
832
362
945
389
76
987
921
219
28
970
778
649
980
371
712
638
987
195
515
83
25
538
881
899
768
802
324
7
151
291
378
533
616
637
955
244
347
857
854
767
996
813
364
932
832
113
22
775
389
346
497
599
7
811
823
925
342
323
746
253
317
704
594
331
534
733
758
43
896
474
831
204
922
409
503
138
642
904
353
806
846
968
298
357
932
41
820
810
989
536
932
704
844
478
698
360
68
502
381
436
319
18
305
582
115
202
488
695
230
507
797
536
451
560
425
910
21
752
780
118
712
627
389
829
767
506
189
538
87
258
773
387
715
733
336
737
393
141
898
529
161
693
672
447
278
119
666
689
493
203
955
765
203
227
497
8
539
192
112
477
276
959
201
878
600
614
23
585
625
150
258
410
319
740
972
361
821
991
689
216
521
648
948
44
57
897
277
333
27
324
575
387
133
313
509
335
244
459
884
971
8
647
483
431
715
250
415
921
730
951
187
88
292
210
749
445
576
259
676
735
532
314
357
361
736
499
309
618
432
670
769
337
24
127
353
715
538
741
531
835
515
768
387
116
163
548
864
702
99
709
458
562
545
517
7
684
599
825
806
308
186
541
731
657
854
127
32
307
247
847
52
355
618
657
293
817
570
443
850
50
942
929
203
708
767
499
82
983
896
808
74
841
958
586
781
886
519
973
244
243
319
53
872
269
749
27
462
939
972
755
518
877
741
486
372
311
738
23
463
6
941
203
328
837
607
2
837
972
765
613
498
94
109
339
177
614
758
244
96
869
21
361
777
355
100
77
720
424
205
116
773
997
684
687
761
91
922
769
373
983
230
106
277
513
294
293
644
712
603
695
330
493
242
815
448
528
127
764
779
954
868
384
671
936
944
599
555
352
322
747
506
956
564
568
490
80
965
199
141
233
79
785
525
868
511
345
173
904
794
447
98
866
804
741
784
379
228
703
161
464
404
604
784
397
669
579
492
502
599
700
264
460
709
261
767
9
823
461
844
152
17
185
544
308
25
880
589
275
782
772
575
478
204
384
106
864
355
529
775
288
199
866
440
861
875
280
18
886
863
998
475
243
80
902
553
643
662
677
618
210
321
410
953
711
228
315
302
248
4
179
639
954
442
940
218
185
500
509
117
479
490
784
284
53
315
987
201
580
880
272
210
102
296
475
28
598
635
552
590
729
651
823
824
647
52
605
66
74
755
616
785
762
988
278
588
114
126
147
37
626
522
981
595
666
497
693
755
552
635
813
943
495
179
8
535
476
639
474
820
918
310
334
244
665
755
998
199
822
678
770
160
459
489
104
919
162
879
436
243
913
48
52
333
830
834
795
495
493
258
736
123
991
608
666
25
392
800
858
624
390
517
877
174
913
792
749
259
739
30
819
599
957
215
922
691
803
243
347
789
381
767
433
981
59
509
840
28
309
122
487
133
252
920
167
91
944
932
439
466
399
274
30
242
295
148
516
534
192
410
292
99
857
491
258
948
509
425
773
10
226
570
442
912
686
115
85
940
46
472
668
514
756
591
433
323
628
298
516
762
203
106
771
143
605
57
919
85
889
832
389
86
971
607
701
798
823
339
74
308
501
529
822
805
869
993
978
763
55
678
7
827
527
49
716
556
500
285
612
899
796
502
563
780
486
19
997
451
411
250
515
960
689
50
186
856
518
12
954
64
461
411
857
613
80
882
537
271
963
76
293
644
344
519
515
384
125
226
13
42
494
349
554
386
119
712
893
183
155
588
247
85
386
469
406
851
498
961
32
347
77
418
181
66
403
735
713
807
732
145
251
448
668
49
846
64
731
311
833
94
344
773
692
823
505
602
617
730
10
874
173
940
360
266
66
754
56
586
394
548
456
43
802
546
778
984
249
661
649
770
579
912
993
187
574
520
303
331
0
798
898
57
707
134
293
489
414
528
883
588
890
755
557
141
46
9
18
152
495
118
836
941
855
698
91
290
64
886
944
319
638
467
272
442
982
390
811
626
655
703
656
489
108
945
735
427
186
796
890
59
988
622
977
77
777
936
921
998
135
828
504
975
286
349
87
849
483
839
188
474
671
125
723
917
340
25
25
400
300
733
261
223
749
753
667
278
181
942
614
227
837
463
882
554
821
303
515
114
221
565
829
428
339
124
289
812
462
519
344
681
222
370
463
30
141
339
887
835
478
367
128
21
353
770
186
26
32
798
288
553
785
844
929
949
408
657
140
171
55
391
951
953
949
285
724
782
801
961
617
736
714
889
19
313
221
337
446
251
129
262
91
330
426
721
974
193
712
367
682
516
83
238
676
420
821
842
761
506
404
630
717
67
219
286
529
617
341
400
440
530
13
523
150
345
380
543
109
411
200
124
542
332
733
615
57
600
386
519
816
949
819
710
206
973
935
947
943
66
341
620
508
330
480
944
895
322
708
834
653
463
643
426
300
335
817
974
434
974
472
318
215
165
913
69
89
829
736
43
434
505
826
799
536
680
846
818
681
642
13
663
472
210
103
398
792
242
924
312
68
525
163
820
897
693
338
64
929
956
667
740
285
200
696
288
558
160
387
469
528
795
908
625
611
608
615
948
831
671
297
664
555
694
575
741
578
96
267
866
747
441
180
0
852
804
881
840
138
261
842
597
928
994
484
44
681
924
502
400
147
772
412
442
514
656
720
109
598
156
215
215
891
133
39
428
11
522
563
53
186
459
329
574
661
163
473
252
847
178
210
517
810
107
818
954
39
829
393
839
578
4
59
460
60
463
64
596
934
100
858
794
424
192
75
811
331
27
400
438
225
295
997
480
103
969
838
245
187
345
800
409
872
676
546
484
476
793
3
459
2
104
577
723
952
653
155
897
615
524
380
461
282
127
565
253
342
715
429
710
933
657
975
853
190
496
832
867
732
751
244
559
153
120
404
869
872
744
406
212
932
972
842
405
655
485
428
776
747
412
10
257
167
960
763
511
543
636
442
229
99
702
599
66
153
10
312
11
289
541
689
144
662
365
133
339
148
398
743
916
194
215
634
18
158
539
409
821
823
692
731
455
75
74
631
209
573
920
576
345
746
319
30
896
953
20
641
50
965
189
178
823
488
762
239
774
53
390
123
833
66
12
424
268
760
942
2
839
225
48
737
955
429
531
306
489
73
950
971
102
829
263
657
627
47
991
600
872
553
820
30
672
468
872
876
816
656
174
114
786
201
332
566
46
175
76
321
407
186
333
814
331
816
711
432
437
229
764
590
749
278
809
30
310
314
348
76
16
269
719
20
700
530
322
220
557
652
431
15
734
545
671
287
678
484
90
970
848
5
132
800
111
823
458
206
39
302
908
2
959
43
213
388
930
734
85
101
428
103
648
255
290
641
735
313
978
227
612
357
690
571
162
983
316
753
955
44
911
566
180
557
25
616
675
967
296
955
345
208
784
629
209
447
14
477
848
360
203
657
855
732
581
428
28
337
463
224
111
667
873
717
848
902
410
518
174
759
185
380
313
294
692
785
593
34
423
803
672
41
382
676
546
74
726
218
925
969
221
655
827
278
170
63
428
83
303
729
633
568
907
125
931
61
676
848
610
931
241
167
553
951
542
318
439
676
225
915
721
4
425
923
530
403
438
152
412
240
587
807
312
384
8
186
266
865
748
30
176
672
48
171
145
727
871
427
146
775
265
945
748
13
575
656
433
212
472
413
53
672
730
378
969
426
557
247
82
501
769
135
88
251
343
612
291
804
605
864
256
813
891
666
841
249
475
809
467
231
342
488
457
223
16
214
94
610
37
337
991
165
398
462
110
505
628
927
603
467
541
297
981
811
835
537
934
739
346
827
853
254
762
783
973
90
146
392
539
451
150
802
293
726
487
136
661
486
417
943
997
823
698
474
676
309
741
234
430
647
22
138
658
870
817
461
997
484
587
420
517
795
986
248
400
579
121
288
42
310
403
408
284
364
648
910
666
639
805
226
189
386
758
345
679
323
55
134
198
73
648
638
279
684
54
918
780
576
334
835
496
61
253
934
894
695
659
282
994
956
582
763
591
47
499
405
848
625
871
878
442
630
243
361
174
355
382
448
301
370
188
981
587
871
317
197
238
955
320
586
240
490
142
507
968
235
787
274
552
291
214
473
863
103
794
226
549
20
414
474
799
532
463
218
401
296
557
314
912
596
682
721
506
772
567
565
300
217
537
819
243
991
984
564
143
302
57
981
457
827
337
497
878
555
873
685
291
276
154
767
248
727
422
420
809
29
917
405
95
533
145
797
606
744
345
970
887
201
490
957
966
852
260
359
46
458
40
730
296
686
408
866
826
640
686
654
12
747
22
887
126
812
832
515
69
161
197
694
156
604
803
991
383
731
411
930
491
686
88
311
17
772
290
806
970
961
736
460
796
552
892
111
643
801
305
715
3
0
743
438
545
130
903
246
273
268
242
397
969
962
643
646
357
632
893
799
388
696
903
706
176
217
325
610
563
905
496
983
844
807
629
565
617
223
802
559
31
163
204
468
500
82
119
419
310
479
653
921
740
129
64
92
410
578
602
74
666
935
249
963
493
179
465
872
938
360
281
854
829
459
375
483
177
667
95
644
128
542
398
24
54
79
838
869
390
439
554
837
932
367
449
804
522
704
39
809
918
744
375
79
840
778
805
782
722
496
335
899
792
663
652
905
830
206
469
498
609
116
304
406
318
574
675
582
422
218
397
102
395
852
48
989
884
914
131
634
220
509
444
293
137
679
522
54
937
835
913
542
14
189
839
529
890
983
539
77
774
453
469
633
724
999
152
141
524
504
92
474
483
631
561
261
352
434
254
205
433
953
310
574
914
134
996
314
701
791
326
60
525
53
708
912
420
37
628
98
773
537
718
945
348
426
866
216
129
795
434
809
299
253
665
486
121
459
539
102
148
249
462
512
712
166
734
566
561
91
767
721
594
519
123
13
313
112
195
201
479
496
794
366
91
994
317
810
790
887
191
871
753
986
257
420
994
756
391
416
966
236
237
206
664
663
808
818
0
120
873
990
559
916
612
633
446
36
567
629
502
528
118
347
105
69
115
325
408
714
538
816
959
981
227
444
43
317
201
602
707
643
767
425
212
858
234
28
862
624
34
723
572
88
58
917
737
342
646
447
510
358
884
396
560
817
476
528
342
117
121
442
384
39
97
486
706
920
729
925
632
929
634
138
236
892
96
209
803
673
984
37
974
298
737
894
381
36
836
478
749
570
142
935
401
743
876
971
6
624
789
486
217
476
179
276
140
241
363
467
597
252
397
949
535
292
149
860
641
619
183
633
365
938
738
500
500
504
803
2
532
23
922
37
835
12
889
702
989
105
449
767
26
144
567
960
723
462
980
97
962
385
394
623
985
728
170
180
963
437
626
567
455
417
603
925
380
333
457
779
502
633
852
682
165
539
956
157
710
501
705
209
979
107
672
289
438
727
561
822
892
915
69
423
372
779
142
27
134
612
686
888
936
285
89
246
428
560
695
934
957
541
849
8
792
700
293
846
592
932
949
627
889
165
689
134
382
294
21
97
111
732
501
129
162
369
956
801
449
172
452
111
732
410
992
611
181
264
406
688
338
788
696
912
200
56
369
72
378
673
957
133
305
722
993
897
589
376
737
470
114
234
480
398
366
504
626
453
766
668
542
83
769
617
415
482
668
238
913
608
740
511
729
673
458
953
558
949
120
256
347
585
370
311
390
885
272
98
474
289
472
811
593
173
160
944
198
139
329
126
222
859
167
124
318
243
436
678
0
985
661
835
519
455
645
150
706
785
341
870
958
469
285
250
979
600
667
133
224
993
50
689
915
676
175
443
689
566
773
387
851
536
8
183
529
130
110
675
553
549
570
855
528
836
434
740
153
288
368
268
867
79
229
573
300
545
305
378
948
254
288
455
180
799
246
470
133
927
435
667
653
230
138
80
93
555
395
438
238
370
8
169
465
129
997
790
157
19
400
883
675
344
640
411
798
290
971
830
455
779
439
937
932
816
641
822
424
972
372
595
190
738
570
71
119
124
542
191
907
721
729
796
924
766
83
229
662
332
922
545
858
745
886
81
370
382
725
238
431
349
610
575
670
916
255
668
633
818
772
836
721
573
288
839
977
670
604
225
134
130
383
108
51
117
180
912
457
237
696
674
988
920
175
887
616
499
390
51
474
465
555
882
315
300
296
577
543
211
399
442
220
319
455
443
542
755
957
802
263
696
414
655
524
643
224
238
242
156
649
959
759
508
303
84
854
353
118
654
2
360
440
956
771
345
150
458
607
352
61
722
391
261
756
193
458
457
89
552
616
307
68
453
380
822
372
582
661
265
485
514
438
724
426
180
424
425
727
4
145
110
176
900
902
366
293
420
804
470
551
546
588
67
852
258
565
878
214
709
620
80
737
929
262
536
947
917
694
942
839
815
881
539
658
452
183
367
310
12
620
55
820
135
740
353
268
808
582
493
345
852
807
42
72
895
199
97
742
476
505
170
505
662
195
178
95
295
78
30
275
116
519
118
174
756
724
416
625
212
522
872
657
272
923
234
747
871
397
908
343
235
933
322
378
676
259
87
475
553
151
540
407
426
489
457
183
532
438
838
983
858
582
68
362
212
715
364
9
727
788
532
282
513
975
586
5
247
565
622
602
189
486
400
350
864
470
339
357
396
328
893
537
286
774
291
112
205
35
206
428
689
39
756
43
640
642
693
143
185
276
451
952
79
104
580
181
956
673
704
970
887
437
841
979
115
374
547
511
22
239
826
624
523
868
650
454
340
970
264
139
359
45
731
721
123
264
981
576
568
231
356
364
497
177
367
106
183
970
351
155
43
684
477
746
711
365
690
415
209
299
678
534
541
468
520
778
38
795
159
74
281
828
67
781
863
745
459
234
677
429
884
249
641
861
978
917
698
95
246
826
308
746
892
139
591
949
840
101
836
844
517
744
780
364
81
155
388
360
792
454
296
116
340
675
91
166
998
574
712
21
500
740
393
962
262
703
393
611
486
775
632
822
196
181
331
843
363
65
421
506
92
35
894
899
380
422
317
68
293
992
477
685
6
63
666
847
480
390
775
859
22
820
902
664
999
486
475
404
412
122
861
531
344
212
361
534
57
166
884
962
434
352
509
617
338
544
174
126
757
83
829
42
348
225
715
211
499
702
447
524
64
124
912
120
755
110
70
544
894
24
396
964
146
882
764
710
83
899
62
130
713
930
383
57
333
816
2
149
236
586
685
655
563
554
83
900
199
996
433
886
759
534
975
207
481
241
406
768
861
333
672
375
682
48
704
479
963
742
511
137
206
357
248
201
969
984
273
387
953
851
606
52
872
390
268
661
954
394
982
10
756
88
16
345
658
705
302
150
84
272
151
948
276
852
860
5
134
769
647
66
740
494
313
310
901
690
516
652
874
608
18
762
469
745
80
309
558
736
235
115
483
72
365
920
651
770
852
696
663
867
408
396
701
506
814
383
27
776
701
528
572
463
68
202
418
309
655
46
289
538
948
970
268
404
790
787
558
492
909
838
438
537
8
773
920
467
345
565
612
50
275
851
182
357
842
783
329
222
790
960
312
10
670
23
707
734
109
744
690
357
492
643
249
647
852
489
280
636
349
674
790
382
80
699
370
235
430
116
413
937
547
48
423
21
979
974
540
676
431
484
515
978
99
27
219
737
543
925
234
657
776
43
132
550
395
939
804
535
901
343
90
819
506
657
137
454
704
658
164
993
103
770
988
831
695
985
632
387
870
980
490
887
92
403
922
752
445
504
97
533
115
394
196
78
21
751
667
850
281
424
581
224
273
326
490
247
972
370
269
417
332
570
315
266
975
96
940
262
884
108
69
545
196
794
784
512
195
558
481
332
625
388
637
87
74
268
865
263
126
522
836
319
461
292
466
813
403
828
791
622
612
149
84
709
708
931
56
563
229
835
230
241
694
209
255
137
141
905
572
866
65
413
619
113
334
333
675
740
261
516
669
51
199
455
169
568
471
529
10
189
673
401
375
996
147
341
663
265
278
968
760
172
649
534
701
971
170
905
817
173
289
916
748
848
444
916
41
404
561
759
41
105
827
404
288
554
291
202
385
53
106
973
985
282
249
59
573
489
886
924
529
17
355
336
167
491
852
274
432
901
893
906
961
18
438
449
308
966
484
293
642
600
629
12
907
656
583
94
26
560
621
563
319
38
23
603
586
135
37
428
265
808
513
966
150
766
622
451
80
717
568
306
796
974
657
210
41
113
325
155
893
890
571
105
366
544
737
890
937
576
987
495
25
968
591
799
892
320
424
766
672
867
716
692
397
434
860
482
319
706
353
976
203
588
205
802
467
810
893
665
496
26
521
965
731
955
356
752
904
699
431
582
103
379
901
881
616
978
850
144
466
510
301
399
889
986
431
315
482
641
158
388
564
641
347
740
460
418
509
526
508
461
551
48
50
386
581
131
225
785
598
177
238
458
158
798
481
472
387
278
54
497
642
390
943
809
118
263
472
803
28
174
598
737
141
959
269
267
561
319
788
267
596
96
127
921
936
631
729
619
951
513
892
52
883
796
87
893
29
587
770
666
822
337
721
555
180
71
715
34
117
432
278
908
697
313
704
688
559
582
308
669
919
768
192
905
639
627
151
443
420
947
736
706
599
910
289
951
857
492
329
404
292
52
201
0
992
977
470
43
423
321
175
620
622
637
989
482
80
292
603
390
328
507
835
464
859
111
747
473
311
939
570
173
172
5
675
171
374
130
765
293
860
650
940
362
968
78
768
155
603
630
447
235
572
207
650
23
885
114
745
420
379
311
212
352
560
896
727
865
134
706
184
50
289
990
592
716
282
207
164
265
532
619
704
460
965
596
87
676
507
17
801
774
328
709
176
354
987
457
825
558
540
709
876
847
276
193
256
175
567
818
295
640
247
289
336
878
478
413
151
2
672
128
845
618
170
487
565
950
595
179
469
38
917
541
469
672
848
519
575
941
796
13
402
435
152
713
365
965
812
398
957
910
495
501
19
196
966
923
629
281
522
68
359
254
940
808
398
24
848
635
81
980
451
835
780
358
419
146
610
717
754
204
414
979
197
162
950
56
775
268
973
918
173
22
332
632
678
257
756
